"","GR","HOSS","PRGIT","DRCHP","BHLNSX"
"X",-1.6,-0.557,23.26172,-1.596,-1.596
"R1A",4.42504082681098,39.2044981502409,136.831294275641,-0.384002298313499,-0.384002298313499
"R1B",10.3169629126867,44.4799275852959,242.858955736765,39.8547644679061,39.8547644679061
"R2A",4.94030819768556,54.1516617283567,194.344483653238,8.89225161964823,8.89225161964823
"R2B",3.53343629035076,51.3915466937895,345.976749740074,11.5520439305268,11.5520439305268
"R2C",6.20479609534057,50.1114456059534,170.049334065639,10.0454833144469,10.0454833144469
"R1C",4.34043104840992,65.9599808774797,213.891596744468,11.9859504791973,11.9859504791973
"PA",0.1488918753272,65.5120117007076,232.57351973127,23.8504105155045,23.8504105155045
"PB",10.9457260325983,-7.58727418129757,149.436958579532,0.0771918849387142,0.0771918849387142
"PC",12.8707255543814,11.5254034843284,164.389899457687,5.35238557163054,5.35238557163054
"X1",0.39291211175304,32.8949460203941,488.630365232992,26.8567288172752,26.8567288172752
"X2",7.22398794745663,65.5478941177743,371.035958758557,10.1969257120277,10.1969257120277
"X3",3.33982953178846,39.1092382058613,457.191858264774,21.7208730200308,21.7208730200308
"X4",26.1086672165021,14.5927481921162,402.848588420443,6.3310919208489,6.3310919208489
"X5",2.00895450749666,39.665542962737,463.291540526604,52.2642714686558,52.2642714686558
"X6",-0.712726415815237,93.2122011184032,365.379543687287,15.6338668466466,15.6338668466466
"X7",0.0108981347453101,119.068801092305,427.949158955912,8.45080757124559,8.45080757124559
"X8",5.28797433444073,113.86260674558,452.33422187366,27.6907382033124,27.6907382033124
"X9",5.28797433444073,113.86260674558,452.33422187366,27.6907382033124,27.6907382033124
"X10",0.436757917588476,86.8160091212524,279.042650666332,6.23111056128142,6.23111056128142
"X11",4.95768151149136,53.4552006171797,330.552503794772,52.4023941547584,52.4023941547584
"X12",0.309429186078706,5.6533950013324,195.670900029247,5.61609021865872,5.61609021865872
"X13",0.309429186078706,5.6533950013324,195.670900029247,5.61609021865872,5.61609021865872
"X14",0.129262717773499,-7.41204852820722,376.189113096177,10.8942245666281,10.8942245666281
"X15",3.37521707595838,-3.74544664209969,261.618142560397,22.6089208240492,22.6089208240492
"X16",2.99164998301102,158.094098373972,203.848941367732,9.28398928572747,9.28398928572747
"X17",1.34901981979485,162.480704508983,370.313869120704,7.10017588741988,7.10017588741988
"X18",5.05455965972931,42.5886622009453,484.499532500441,165.055563018147,165.055563018147
"X19",-0.014578420102041,32.8869372503354,138.621997957064,85.6955979648275,85.6955979648275
"X20",-0.014578420102041,32.8869372503354,138.621997957064,85.6955979648275,85.6955979648275
"X21",7.86479131394723,1.82232384090572,307.491931896446,36.6548734797852,36.6548734797852
"X22",7.03264062923204,-3.31149439014344,319.340729649986,14.2496480113329,14.2496480113329
"X23",-6.02860228353633,51.521804330712,218.853203331715,10.6282546739233,10.6282546739233
"X24",1.17591874938356,21.2199831851181,222.334360170037,10.3814474353637,10.3814474353637
"X25",7.60891549057961,35.4719353551166,292.373106720195,36.8107190572885,36.8107190572885
"X26",7.60891549057961,35.4719353551166,292.373106720195,36.8107190572885,36.8107190572885
"X27",7.60891549057961,35.4719353551166,292.373106720195,36.8107190572885,36.8107190572885
"X28",3.69621592253563,-1.96129472677288,496.33715400638,4.03860273710933,4.03860273710933
"X29",2.99259350930671,135.414593623344,276.641432943081,15.9135803536968,15.9135803536968
"X30",0.499179525652579,38.5936143776459,263.977108181597,4.17774611223213,4.17774611223213
"X31",6.40759737699381,-19.1350715563741,332.516772460105,16.9664054648904,16.9664054648904
"X32",2.81256405118434,45.7188176284093,536.377376354408,155.261532795449,155.261532795449
"X33",2.31990132943255,21.6095918594124,387.623544139081,31.7009160084155,31.7009160084155
"X34",-0.781009125260095,53.7813409383553,354.400483922516,18.0813738249444,18.0813738249444
"X35",1.25394706197003,80.5859058233038,311.874802423319,3.61188907501446,3.61188907501446
"X36",0.21065695152816,100.153444684077,321.536724996676,9.51997834518558,9.51997834518558
"X37",21.2593202217319,2.58452174655481,127.330500165668,-5.09494543347018,-5.09494543347018
"X38",21.2593202217319,2.58452174655481,127.330500165668,-5.09494543347018,-5.09494543347018
"X39",6.49347524754807,9.93749985282831,340.348117588365,8.79577951239708,8.79577951239708
"X40",5.70304371289236,34.9190449101933,225.861936659567,-1.06610331867646,-1.06610331867646
"X41",15.6282757363242,33.0455376651509,349.089330329166,11.4582734710254,11.4582734710254
"X42",1.4454411105054,78.435988243322,241.967167519953,10.4395395809428,10.4395395809428
"X43",9.16049626872013,-3.38518879334637,260.056903891372,29.4700245974562,29.4700245974562
"X44",9.16049626872013,-3.38518879334637,260.056903891372,29.4700245974562,29.4700245974562
"X45",9.16049626872013,-3.38518879334637,260.056903891372,29.4700245974562,29.4700245974562
"X46",10.9038824744009,1.33489888335517,234.984714282344,6.79639920555539,6.79639920555539
"X47",1.94140946998515,26.4188924191874,313.245513705781,26.9489732504864,26.9489732504864
"X48",1.94140946998515,26.4188924191874,313.245513705781,26.9489732504864,26.9489732504864
"X49",-4.21724208366706,93.4586557105863,546.02765766154,38.1346253527839,38.1346253527839
"X50",-4.21724208366706,93.4586557105863,546.02765766154,38.1346253527839,38.1346253527839
"X51",-5.99241332601237,106.719988965183,449.342249763669,27.3615075002421,27.3615075002421
"X52",8.20237956460981,22.8538380168904,209.552906405323,12.145917401317,12.145917401317
"X53",6.09472454762841,63.9935671376044,245.530628306725,26.9310533826456,26.9310533826456
"X54",2.75083689627841,38.9488514997056,369.068657242724,34.1302159022925,34.1302159022925
"X55",9.53477917665349,28.3453017222806,231.71719844962,11.3733202973751,11.3733202973751
"X56",17.6727004230779,56.2825909070944,247.049951776231,21.0665113528459,21.0665113528459
"X57",6.51177590358327,15.5152306016808,47.7270774836215,-3.96887917785694,-3.96887917785694
"X58",0.3294369953889,61.907264503571,264.717800252225,30.1929997263262,30.1929997263262
"X59",2.03078847738236,40.6930116799607,303.239863002568,23.5050775625879,23.5050775625879
"X60",2.03078847738236,40.6930116799607,303.239863002568,23.5050775625879,23.5050775625879
